00100100000010000000000000001010
00100100000010010000000000000000
00100100000010100000000000000001
00010001000000000000000000000101
00000001001010100101100000100000
00000000000010100100100000100001
00000000000010110101000000100001
00100001000010001111111111111111
00011101000000001111111111111011
00100100000000100000000000000001
00000000000010010010000000100001
00000000000000000000000000001100
00100100000000100000000000001011
00100100000001000000000000001010
00000000000000000000000000001100
00100100000000100000000000001010
00000000000000000000000000001100
