00100100000100000000000000000001
00100100000100010000000000000010
00100100000100100000000000000011
00100100000100110000000000000100
00100100000101000000000000000101
00100100000101010000000000000110
00100100000101100000000000000111
00100100000101110000000000001000
00100100000010100000000000000000
00100100000010110000000000000000
00100100000011000000000000000000
00100100000011010000000000000000
01110010000101000100000000000010
01110010001101100100100000000010
00000001000010010101000000100000
01110010000101010100000000000010
01110010001101110100100000000010
00000001000010010101100000100000
01110010010101000100000000000010
01110010011101100100100000000010
00000001000010010110000000100000
01110010010101010100000000000010
01110010011101110100100000000010
00000001000010010110100000100000
00100100000000100000000000000001
00000000000010100010000000100001
00000000000000000000000000001100
00100100000000100000000000001011
00100100000001000000000000100000
00000000000000000000000000001100
00100100000000100000000000000001
00000000000010110010000000100001
00000000000000000000000000001100
00100100000000100000000000001011
00100100000001000000000000001010
00000000000000000000000000001100
00100100000000100000000000000001
00000000000011000010000000100001
00000000000000000000000000001100
00100100000000100000000000001011
00100100000001000000000000100000
00000000000000000000000000001100
00100100000000100000000000000001
00000000000011010010000000100001
00000000000000000000000000001100
00100100000000100000000000001011
00100100000001000000000000001010
00000000000000000000000000001100
00100100000000100000000000001010
00000000000000000000000000001100
